acc_x_bias: -0.016129074770156
acc_y_bias: -0.000599017524559
acc_z_bias: -0.000425517122022
gyro_x_bias: 0.001247460805106
gyro_y_bias: -0.000122840730509
gyro_z_bias: -0.001656999375539
roll_offset: 0.000481976790575
pitch_offset: 0.015986805876701
